143.65 23.36 33 0.18 -2.84 2.66 -7.67 0.86 0.53 23
142.04 37.21 34 6.97 0.95 -7.92 2.30 9.38 -4.09 23
140.29 27.33 454 -3.24 1.39 1.85 -1.29 -1.61 -1.82 24
130.84 30.03 31 0.03 -0.31 0.27 0.05 -0.75 -1.49 24
142.16 31.99 24 2.80 4.77 -7.57 3.91 1.92 -4.78 23
146.81 43.08 50 0.51 0.60 -1.10 1.34 0.63 -0.91 26
148.02 42.98 99 2.38 -1.68 -0.70 -1.19 -4.89 -2.77 23
141.88 31.08 20 7.05 1.60 -8.65 -8.65 8.82 -2.64 23
131.64 42.77 524 -1.04 8.39 -7.36 -1.01 -5.34 -5.50 24
141.84 31.05 15 6.51 2.53 -9.04 2.26 4.52 1.58 23
145.20 37.21 16 -1.36 1.31 0.05 0.10 -0.03 -0.05 24
150.06 44.48 48 3.00 -1.87 -1.13 0.40 0.80 -1.21 23
149.85 44.44 22 7.55 -1.10 -6.45 -2.44 -2.83 -6.67 23
149.54 44.48 30 3.10 -1.40 -1.69 -1.16 3.56 -1.00 23
143.65 21.30 65 -1.81 -2.43 4.24 -0.69 0.62 -3.52 23
143.63 21.19 15 -1.76 -2.63 4.40 -7.52 5.45 -2.72 23
143.52 21.48 15 -0.23 -1.50 1.72 -0.08 0.06 -0.57 24
139.82 27.52 455 -5.45 1.35 4.10 -0.92 -4.06 -2.05 23
141.98 38.13 72 -4.96 2.86 2.11 1.94 9.13 2.75 23
141.93 31.71 15 -0.40 0.09 0.31 0.02 -1.51 0.37 24
143.76 22.32 100 -0.02 0.88 -0.86 -2.94 1.13 -0.58 27
142.94 22.63 83 4.57 -2.48 -2.09 1.55 0.51 -3.72 23
146.55 43.48 58 -4.36 0.92 3.44 0.03 -1.53 -2.76 23
142.34 39.68 48 3.15 1.87 -5.02 -0.52 -0.08 -1.70 23
134.82 33.88 35 -2.11 2.82 -0.71 -1.09 -1.97 -2.82 23
135.33 35.73 358 -1.77 1.15 0.62 0.89 0.61 1.03 24
143.37 22.65 122 1.74 0.42 -2.16 -3.89 -5.74 -1.67 23
143.43 40.46 17 4.88 0.89 -5.77 5.76 6.93 -1.38 23
149.83 45.63 61 2.66 0.25 -2.91 1.87 -2.41 3.76 23
143.28 40.19 45 0.62 0.12 -0.74 0.40 1.00 -0.26 24
143.73 40.10 49 1.77 -0.10 -1.66 0.34 1.57 -0.36 24
143.75 40.29 15 0.51 0.06 -0.57 0.71 1.11 -0.30 24
143.65 41.08 28 2.40 1.07 -3.47 4.80 4.30 -1.41 23
140.12 27.17 479 -8.16 2.77 5.39 1.88 -4.05 -0.81 23
143.14 22.40 121 0.18 -0.81 0.63 -5.11 3.79 -1.49 23
140.87 35.52 48 1.30 0.15 -1.45 -0.19 1.19 -0.25 25
131.53 29.31 36 2.89 -2.10 -0.79 -1.12 1.35 -2.77 25
135.44 36.86 28 5.80 1.65 -7.45 -2.03 -2.91 -3.11 24
137.96 30.41 485 -3.06 4.59 -1.54 0.11 -2.64 2.03 24
137.79 30.47 492 -2.02 1.71 0.31 -0.59 -0.63 1.71 25
153.01 46.77 64 1.39 -0.42 -0.97 0.05 0.46 -1.25 24
132.16 29.31 15 -1.64 -0.05 1.69 -0.01 0.05 0.18 25
131.55 31.06 23 6.71 -0.65 -6.07 6.48 9.25 -2.74 24
139.21 34.12 15 0.80 6.00 -6.80 1.90 1.35 -6.04 23
139.27 33.52 15 -0.18 -0.58 0.76 -0.58 -5.80 -6.02 23
138.94 34.25 15 -5.32 -2.70 8.03 -5.97 -6.19 -0.78 23
139.59 33.86 34 -0.11 -0.52 0.63 -0.00 -0.30 -1.78 24
139.34 34.21 15 0.06 0.80 -0.86 -2.96 0.20 -9.75 23
139.42 34.15 15 0.21 0.90 -1.10 -1.18 -0.75 -4.32 23
139.47 33.81 15 -0.48 -0.40 0.89 -0.20 0.26 -2.28 24
141.73 37.30 45 0.94 0.17 -1.11 0.17 0.86 -0.66 24
139.24 34.15 15 -0.50 0.20 0.30 0.11 0.01 -1.79 25
138.85 33.90 15 0.11 5.69 -5.80 7.38 -6.22 -3.00 23
139.45 34.04 15 -0.49 1.98 -1.49 1.09 -0.34 -2.87 24
138.98 33.78 15 -1.31 -2.69 4.01 6.74 1.15 -3.69 23
139.58 33.97 15 -1.21 0.99 0.22 0.47 0.05 -3.21 23
131.75 31.04 44 8.11 1.82 -9.94 5.41 5.49 -4.97 23
139.34 34.18 15 -0.99 0.28 0.70 -1.01 0.56 -0.80 24
147.04 43.14 72 -0.52 1.43 -0.91 0.35 0.08 -0.33 24
139.04 33.92 15 -0.22 5.11 -4.90 2.47 -4.32 -7.13 23
142.29 35.93 15 -0.31 1.37 -1.05 0.15 0.14 -0.49 24
139.31 34.11 15 -5.20 2.48 2.72 2.42 4.52 -2.13 23
139.22 34.08 15 -1.65 4.41 -2.76 -0.23 0.58 -8.50 23
138.76 34.05 15 -1.80 4.71 -2.91 6.90 1.19 -8.34 23
144.41 39.12 15 -4.07 1.21 2.86 4.50 5.16 -1.07 23
139.23 33.94 15 -0.05 0.49 -0.44 0.62 0.07 -1.41 24
139.20 34.04 15 -2.37 1.26 1.10 0.08 0.58 -6.81 24
145.59 46.83 361 -2.46 4.43 -1.97 -2.55 -4.17 1.96 24
139.14 33.94 15 -0.01 3.48 -3.46 3.11 1.64 -7.59 23
138.91 34.08 15 -1.03 4.75 -3.72 -0.32 1.99 -1.72 23
139.06 33.98 15 -0.55 1.14 -0.58 4.63 2.07 -4.40 23
139.09 34.19 15 -1.21 4.89 -3.68 1.15 1.22 -6.85 23
139.16 34.13 15 -5.82 3.84 1.99 6.00 2.51 -7.19 23
139.25 34.04 15 -3.21 3.16 0.05 2.81 0.31 -6.27 23
139.69 34.09 15 -0.22 0.11 0.11 -0.74 0.47 -1.26 24
139.09 34.15 16 -1.07 0.78 0.29 0.64 -0.07 -0.99 24
139.31 34.29 20 -0.10 -0.73 0.83 -0.13 0.23 -1.11 25
143.01 28.12 15 7.30 2.62 -9.92 -3.18 6.82 -0.20 23
147.51 20.56 54 -0.96 3.08 -2.11 0.73 -0.02 -5.52 23
143.05 38.82 18 5.80 1.74 -7.55 5.35 8.42 -2.68 23
139.19 34.01 15 -7.81 0.92 6.89 1.91 7.65 -5.14 23
139.33 34.04 15 -1.82 4.09 -2.27 0.61 -1.00 -7.97 23
141.16 36.41 46 8.24 -2.52 -5.72 4.48 5.65 -5.59 24
140.66 35.13 16 0.90 -2.18 1.28 3.17 2.58 -0.01 24
139.02 33.86 15 -1.93 -0.05 1.99 5.05 0.86 -7.79 23
138.90 34.81 15 -5.27 1.82 3.44 -1.45 0.48 -2.81 23
138.93 34.01 15 -0.57 0.18 0.39 0.27 -0.34 -1.09 24
139.12 34.11 15 -2.24 0.04 2.20 0.20 0.46 -1.31 24
139.28 34.22 15 -2.95 1.55 1.40 2.06 3.49 -3.68 23
139.57 33.94 15 0.74 3.97 -4.72 3.28 -1.13 -5.41 23
139.06 34.46 15 -4.76 2.45 2.31 -4.23 3.79 -1.89 23
139.13 33.95 15 -0.47 0.64 -0.17 1.16 -0.82 -2.25 24
139.02 34.30 15 -1.83 0.78 1.05 0.02 0.39 -1.24 24
139.25 34.10 15 0.08 0.41 -0.49 0.19 1.19 -0.71 24
139.55 33.74 15 0.27 0.90 -1.17 0.72 -0.36 -3.67 24
139.44 33.92 15 -0.09 -2.24 2.34 -0.41 0.96 -5.50 25
143.57 39.72 25 0.59 0.09 -0.68 0.52 1.25 -0.10 24
139.76 33.70 15 0.04 2.99 -3.03 2.33 -3.84 -7.31 23
139.17 33.84 15 -3.10 0.47 2.62 5.85 -1.46 -6.66 23
131.48 31.09 37 1.60 -0.20 -1.40 1.12 1.73 -0.42 24
139.01 34.10 15 -0.08 2.29 -2.21 3.18 6.27 -6.62 23
139.30 34.23 15 -5.67 3.78 1.89 0.60 0.58 -0.63 23
139.01 34.19 15 -7.29 4.47 2.82 2.03 3.54 -9.45 23
139.00 34.22 15 -7.49 1.69 5.80 2.67 2.88 -4.42 23
142.03 48.77 15 1.51 0.20 -1.72 -0.30 -0.86 0.50 26
139.68 28.89 411 -6.19 3.47 2.71 0.82 -9.32 -4.56 26
131.25 28.91 53 0.81 0.73 -1.54 -0.38 0.50 -3.85 24
142.17 48.73 15 -0.69 3.92 -3.23 3.56 -2.84 3.83 23
139.06 33.74 15 -5.39 3.34 2.05 2.76 3.58 -4.37 23
138.96 34.21 15 -5.66 4.68 0.97 0.81 5.70 -5.49 23
139.43 33.96 15 -4.25 2.52 1.73 -0.82 6.07 -5.64 23
139.02 34.55 15 -4.10 -1.11 5.21 -6.47 -2.71 -3.97 23
146.84 42.55 54 1.77 1.36 -3.13 4.11 1.92 -3.42 24
139.23 34.12 15 -3.83 1.62 2.22 -2.14 2.23 -1.96 23
139.51 34.08 15 -1.93 0.04 1.90 0.44 1.79 -3.82 24
141.59 36.10 31 0.99 -0.03 -0.95 0.49 1.17 -0.69 24
146.90 43.57 67 2.06 0.38 -2.44 1.48 -0.58 -2.45 24
139.33 33.91 15 1.49 6.47 -7.96 2.27 -4.41 -7.77 23
139.97 31.27 15 -3.51 0.69 2.82 1.04 0.44 -0.55 23
147.24 21.71 30 -2.61 2.24 0.37 1.33 3.99 -2.67 23
142.66 41.94 43 2.95 -2.64 -0.31 -1.52 -0.17 1.32 23
143.84 22.27 106 -0.68 1.16 -0.48 -2.70 0.01 -1.45 24
139.22 34.38 15 -1.25 0.47 0.78 -2.45 5.06 -2.70 23
146.94 42.55 61 -0.21 1.29 -1.08 1.55 -0.13 -1.26 24
139.58 34.10 15 -0.08 -0.24 0.32 -0.21 -0.14 -1.04 24
143.10 40.67 19 2.02 2.51 -4.53 0.64 7.14 1.74 23
144.56 19.21 15 -1.75 0.43 1.31 0.48 0.19 -0.19 24
153.24 46.66 16 1.16 -0.37 -0.79 0.49 0.75 -0.87 24
143.17 39.98 15 0.94 0.28 -1.22 0.70 2.47 -0.70 25
133.20 35.33 15 -0.12 1.07 -0.94 -0.15 -0.04 -0.62 26
133.09 34.97 15 0.19 0.83 -1.01 0.13 -0.44 -0.56 24
133.15 34.94 15 0.77 0.59 -1.36 -3.28 -1.34 -5.46 23
142.14 23.41 124 1.12 -1.72 0.59 0.92 0.10 -1.35 24
140.69 26.31 388 0.77 -0.34 -0.43 -1.15 -0.59 0.44 25
146.51 18.59 15 1.97 -0.65 -1.32 0.29 4.22 0.80 24
136.09 34.34 52 0.96 -1.94 0.98 -0.88 0.47 0.09 24
139.00 44.36 15 4.70 -3.64 -1.06 9.62 0.81 1.13 23
145.12 42.41 30 5.56 -2.06 -3.50 3.07 7.41 -4.75 24
145.14 42.29 31 1.84 -1.04 -0.80 0.61 0.90 -2.12 24
141.33 35.70 33 2.29 0.24 -2.53 1.04 2.87 -1.15 24
153.59 47.11 49 1.60 -2.00 0.39 -0.18 -2.80 -3.31 23
147.08 18.23 19 5.66 -0.52 -5.13 -0.26 3.97 0.56 23
147.14 44.76 141 -0.34 0.18 0.17 1.85 0.59 0.44 25
148.11 43.67 60 3.55 2.45 -6.00 4.17 2.35 -3.02 24
139.11 36.89 24 0.82 0.25 -1.07 0.06 -0.37 0.31 24
134.53 35.46 33 -0.12 0.07 0.05 -0.11 -0.25 -1.03 24
143.93 22.19 112 2.84 -0.48 -2.37 -6.64 -0.64 -3.09 24
142.05 30.02 15 0.88 0.04 -0.92 -0.44 1.04 -0.14 24
142.04 29.99 15 1.50 0.64 -2.14 0.28 1.68 -0.54 24
153.31 48.61 149 -2.09 -0.03 2.11 1.12 1.89 0.45 24
139.50 28.98 394 -4.39 4.59 -0.19 0.51 -8.01 0.67 23
142.30 37.06 27 2.31 0.52 -2.83 -1.19 6.78 -1.59 24
144.54 46.79 396 0.57 0.48 -1.05 1.09 -0.11 -0.56 25
145.14 22.41 42 5.38 -1.17 -4.20 -0.90 3.88 -0.19 23
151.51 46.52 111 0.04 0.37 -0.41 -0.42 -1.01 -0.11 24
148.38 44.12 46 9.26 -2.65 -6.61 2.33 6.19 -7.10 24
132.52 33.97 47 -1.44 -0.50 1.94 0.13 0.70 -0.80 26
143.64 38.01 16 3.99 -0.09 -3.91 0.41 4.93 -3.28 23
132.63 34.12 32 -5.91 0.19 5.73 -1.38 3.44 1.01 23
141.86 40.75 70 -1.58 1.82 -0.24 0.85 0.61 -0.22 24
137.94 34.91 26 -3.79 -3.88 7.67 7.28 6.04 2.56 23
143.41 21.58 15 -0.71 5.04 -4.33 1.72 0.79 -1.29 24
141.22 37.13 17 0.57 -0.29 -0.28 0.02 1.27 -0.46 24
145.64 42.79 37 2.20 -0.64 -1.56 0.56 1.71 -1.92 24
142.06 30.25 15 -1.09 0.04 1.05 0.14 0.09 0.08 25
149.79 45.55 117 -0.23 1.21 -0.99 -1.29 -5.40 1.34 23
136.61 33.06 411 -3.37 2.47 0.90 -8.40 -1.49 -0.93 23
132.23 32.87 46 -0.57 -2.47 3.04 -1.00 2.32 1.32 24
145.70 43.13 71 -5.12 4.53 0.58 6.46 7.16 0.44 24
147.58 43.88 65 1.13 -0.21 -0.92 0.56 -0.32 -1.49 24
130.57 29.77 15 2.73 -0.47 -2.26 -1.61 3.19 -3.20 23
148.61 44.18 32 8.29 -2.79 -5.51 3.83 9.49 -4.84 25
147.66 44.35 24 -2.12 -0.79 2.91 5.24 6.18 0.14 23
147.03 18.91 16 4.45 -0.39 -4.06 -0.70 7.57 2.25 24
147.25 18.94 17 7.19 0.13 -7.32 2.09 8.75 -0.60 24
152.30 45.69 18 3.43 -1.05 -2.38 1.17 2.10 -2.07 24
152.22 45.80 31 6.34 -0.15 -6.18 -2.38 0.03 -5.28 23
148.70 44.43 35 7.89 -1.50 -6.39 1.85 5.48 -5.44 24
130.38 28.09 42 2.67 -0.37 -2.30 2.23 4.14 -1.08 23
142.99 21.66 308 5.38 -2.53 -2.85 -0.22 2.09 -2.01 25
139.37 32.37 22 -0.51 -0.80 1.32 -1.69 -2.18 1.42 24
140.26 32.47 44 -1.07 0.91 0.16 -0.22 1.23 0.73 24
139.51 31.94 15 -5.74 -0.86 6.61 2.23 -0.79 0.89 24
139.61 31.87 17 -2.05 -1.54 3.59 -0.20 1.84 1.28 24
139.72 32.15 15 -2.22 -0.30 2.52 0.67 0.57 0.33 24
149.92 44.61 40 1.37 -0.41 -0.96 0.19 0.89 -0.98 24
141.45 36.09 47 2.60 -0.60 -2.00 -0.49 3.44 -0.93 23
142.46 41.05 44 3.03 -0.06 -2.98 1.90 3.62 -0.99 25
142.31 41.03 75 4.76 0.62 -5.37 0.61 4.50 -5.58 23
135.43 35.51 50 2.13 0.48 -2.61 0.85 -0.58 0.56 23
142.53 47.44 15 6.53 0.23 -6.76 0.26 -2.24 0.65 23
141.00 36.05 35 4.74 0.09 -4.83 1.77 5.02 -3.65 23
141.72 36.90 27 -1.96 0.31 1.66 2.96 7.92 0.76 23
138.77 44.81 293 4.77 1.17 -5.94 2.70 -8.57 -0.59 23
150.68 45.45 15 0.94 -0.52 -0.42 0.88 1.60 0.35 24
142.11 27.79 54 -2.82 0.86 1.97 -0.74 -0.66 -2.08 24
147.46 42.49 44 0.99 2.72 -3.71 5.78 1.74 -1.74 23
151.00 46.60 129 -1.05 0.13 0.92 -0.49 -1.16 -0.65 24
147.55 43.42 58 3.79 -1.45 -2.33 3.20 -1.52 -2.91 23
141.12 35.18 15 0.68 1.80 -2.48 7.45 -0.47 2.72 24
141.84 37.78 37 1.50 -0.07 -1.42 0.48 2.21 -0.61 24
148.62 46.95 288 -2.69 -0.31 3.00 -1.84 -7.62 -0.30 24
141.95 34.65 19 5.34 -1.32 -4.02 -3.01 3.71 0.69 23
139.65 43.79 208 3.24 0.58 -3.82 -7.41 -3.66 0.67 23
153.22 45.45 28 2.70 -4.99 2.28 0.31 1.26 -3.08 23
137.56 33.24 363 -1.08 2.85 -1.76 -1.09 -9.91 4.88 23
147.43 44.41 44 4.28 -2.51 -1.78 5.87 5.93 -3.03 23
143.44 39.17 27 4.99 0.70 -5.69 -0.93 4.35 -2.76 23
141.09 39.49 124 -1.22 -0.26 1.48 -0.41 5.45 -0.17 25
142.76 23.97 20 -7.29 5.10 2.20 2.70 -5.90 -3.41 23
142.03 27.77 35 6.01 0.48 -6.50 0.83 6.62 -0.18 24
154.83 48.72 38 7.08 -4.95 -2.13 1.28 1.27 -5.36 23
145.08 19.03 609 -8.25 1.02 7.23 -0.97 0.08 -2.01 24
147.85 43.88 70 1.59 0.12 -1.71 0.40 -1.31 -2.15 24
142.39 39.40 49 1.16 -0.85 -0.32 -0.01 -0.26 -0.27 24
136.66 45.50 370 -1.82 2.48 -0.67 -6.36 -1.13 -2.87 24
142.31 45.97 356 0.93 0.33 -1.25 0.52 -1.15 -0.56 24
140.93 35.90 15 0.44 0.10 -0.54 -0.72 1.01 0.15 24
141.07 36.60 38 1.60 0.00 -1.60 0.75 1.60 -0.69 24
142.13 41.31 53 1.46 -0.15 -1.31 0.54 1.29 -0.84 24
145.54 18.66 208 -0.05 2.25 -2.20 -5.86 4.51 -2.80 23
143.37 28.60 15 -1.37 0.14 1.23 -0.54 1.05 -0.57 24
145.29 20.32 104 -2.98 3.58 -0.59 -0.31 3.26 1.55 23
146.93 47.97 454 0.87 -0.13 -0.74 -1.53 -2.18 -0.09 24
141.71 30.65 16 4.41 0.50 -4.91 0.62 4.58 0.68 24
142.14 30.55 15 4.89 0.26 -5.15 -0.35 3.46 0.97 24
147.31 44.89 137 -2.43 1.77 0.66 2.51 2.22 1.26 23
142.16 41.39 60 2.51 -0.60 -1.91 1.01 1.91 -1.24 24
142.81 39.99 34 2.29 0.92 -3.20 6.51 4.48 -3.95 23
140.61 31.77 62 -3.36 0.96 2.39 2.44 -2.67 -1.80 23
142.33 41.26 79 2.49 -0.97 -1.51 0.24 2.02 -1.19 23
141.33 38.82 84 2.92 0.79 -3.71 3.96 1.81 -1.43 23
141.01 39.12 108 -0.24 0.09 0.16 -0.13 -1.13 -0.05 24
146.71 44.56 146 -0.09 1.31 -1.23 1.31 0.48 -0.48 24
141.85 41.55 79 2.54 0.62 -3.17 1.56 3.00 -2.34 23
139.86 27.50 491 -3.27 2.58 0.70 2.49 -5.23 -2.20 24
141.93 36.16 30 5.58 0.05 -5.63 3.91 6.71 -2.32 23
130.45 43.74 582 5.73 -2.19 -3.54 -1.69 -9.87 -0.97 26
143.07 21.62 317 8.23 -8.44 0.21 6.05 2.12 -2.99 23
142.27 29.61 15 5.69 0.37 -6.06 1.64 9.75 -0.11 23
141.30 30.99 52 3.43 -0.89 -2.54 -1.19 -0.08 -1.35 23
132.35 30.87 15 -1.57 -0.04 1.61 -0.40 0.12 0.20 24
153.27 48.50 144 1.03 0.29 -1.32 -0.57 -1.89 0.44 24
142.20 37.25 26 1.68 0.05 -1.73 1.43 2.41 -0.81 24
147.77 43.75 51 3.08 -0.80 -2.28 0.74 1.32 -2.58 24
142.42 41.85 69 2.38 -6.01 3.63 -1.80 2.73 -4.02 23
139.25 29.35 442 -0.47 1.09 -0.62 0.84 -2.16 -0.61 25
142.82 41.02 39 3.01 0.40 -3.41 3.55 2.57 -1.22 23
141.95 31.07 15 1.15 0.10 -1.26 0.01 0.87 0.09 25
153.14 46.93 49 0.21 2.66 -2.87 -4.45 -1.77 -0.13 23
146.13 42.99 33 1.25 -0.49 -0.76 0.54 0.96 -0.77 25
148.92 44.57 66 5.92 1.31 -7.23 5.41 -0.04 1.59 23
144.53 21.88 97 -1.19 2.53 -1.34 -3.05 1.83 0.08 23
130.04 44.77 589 0.77 -1.13 0.36 -1.46 -3.68 -1.13 25
133.27 35.27 15 -1.56 3.07 -1.51 6.52 3.05 -6.78 23
141.93 31.12 15 2.00 0.22 -2.22 -0.17 1.64 0.16 24
146.71 44.44 120 -0.22 1.89 -1.67 -3.11 -6.10 0.22 23
142.69 37.82 28 0.92 0.10 -1.02 0.96 1.64 -0.46 24
142.25 41.10 48 0.98 -0.02 -0.96 0.62 1.01 -0.38 25
150.16 43.95 15 1.73 -0.99 -0.74 2.11 1.57 -0.78 25
141.19 36.28 34 1.18 0.02 -1.19 0.66 1.29 -0.49 24
154.69 48.40 52 1.72 -0.12 -1.60 0.49 0.50 -1.35 24
130.12 30.44 121 -8.83 4.66 4.17 -4.11 -5.14 -6.92 23
146.49 18.40 46 5.53 -0.91 -4.62 0.18 3.79 -0.60 23
142.14 38.84 44 2.92 -0.12 -2.80 1.80 3.51 -0.93 25
141.99 39.32 41 0.88 1.63 -2.51 2.29 2.75 -1.21 23
142.28 49.06 604 0.26 2.05 -2.31 -1.26 -1.20 0.22 24
146.45 47.81 480 1.00 1.68 -2.69 -2.90 -9.90 0.23 26
130.48 28.88 42 2.23 0.44 -2.66 2.07 2.68 -1.19 23
145.30 42.49 31 7.91 -2.05 -5.86 6.68 4.46 -5.00 23
143.92 42.81 90 -0.49 0.35 0.14 1.29 0.09 0.48 24
142.23 38.83 37 6.88 1.72 -8.60 6.70 7.02 -1.94 23
141.81 34.27 15 2.10 -0.15 -1.95 0.20 1.08 -0.14 24
140.66 31.76 68 -7.81 2.72 5.08 2.26 0.94 -3.15 23
143.41 40.72 54 2.33 -0.12 -2.20 0.94 3.22 -0.06 23
154.57 47.66 33 3.22 -0.76 -2.46 0.04 -2.41 2.34 24
142.55 40.49 74 3.03 -1.68 -1.35 1.17 2.64 -0.22 23
137.12 33.78 15 1.39 -0.15 -1.24 0.95 0.78 -0.56 24
151.65 45.65 32 1.04 -0.43 -0.61 0.12 0.48 -0.69 24
148.22 43.23 27 -0.68 1.24 -0.56 0.39 0.15 0.37 24
142.71 48.45 45 3.66 0.44 -4.11 2.47 -1.61 0.52 23
141.13 37.32 65 5.59 -0.88 -4.71 -0.96 -4.09 -1.22 23
141.73 44.19 227 -2.79 0.87 1.92 6.44 -0.37 -5.50 24
141.94 37.63 38 3.61 -0.37 -3.24 1.73 3.70 -1.42 24
140.17 35.93 43 6.98 -4.73 -2.25 1.03 0.46 -0.20 23
142.98 42.36 99 0.88 -1.09 0.22 4.61 -0.55 2.97 23
135.51 41.41 383 5.90 -2.42 -3.48 1.57 -4.20 -2.82 23
142.55 27.98 15 0.90 0.16 -1.06 0.08 1.70 -0.15 24
138.86 29.95 422 -0.42 0.66 -0.24 0.56 -1.39 -0.27 24
153.81 47.06 44 -4.58 3.76 0.83 -1.54 2.53 1.15 23
142.03 36.20 31 3.49 -0.12 -3.37 1.75 4.14 -1.67 24
142.26 40.71 46 0.90 -0.11 -0.79 0.63 0.93 -0.51 24
141.16 36.29 53 2.57 -0.92 -1.65 1.36 0.66 -0.58 23
147.99 43.67 68 0.42 0.02 -0.45 0.63 0.25 -0.49 25
149.30 44.54 31 4.42 -1.96 -2.46 3.16 3.66 -3.47 23
140.06 35.42 59 0.12 0.59 -0.71 0.62 0.24 -0.30 24
140.81 35.62 50 0.80 -0.00 -0.80 0.01 0.92 -0.30 24
141.57 38.94 61 2.06 0.49 -2.55 -0.75 -3.02 -0.21 26
143.02 28.35 20 -0.75 0.36 0.40 -0.17 0.76 -0.27 24
152.05 46.20 33 3.72 -3.19 -0.53 3.45 2.26 -0.66 23
147.19 44.44 65 0.37 -2.43 2.06 -1.51 -2.05 -0.36 23
145.08 20.56 127 -3.23 1.57 1.66 -1.05 -2.29 0.37 23
145.17 18.40 520 -1.05 0.47 0.57 0.02 -0.07 0.20 24
149.24 43.24 15 -6.64 4.56 2.08 -3.19 -1.35 3.02 23
145.27 42.35 26 3.01 -1.22 -1.79 2.67 5.43 -2.41 24
135.61 32.81 17 -2.95 2.51 0.44 -3.14 -2.60 -0.37 23
145.68 42.38 35 0.96 -0.34 -0.63 0.66 0.88 -0.58 24
130.20 29.52 73 -1.75 1.48 0.26 0.82 0.40 0.31 24
141.05 38.37 15 1.78 -0.48 -1.30 -0.09 -0.19 -0.64 24
141.10 38.52 15 1.53 -0.16 -1.37 -0.04 0.13 -0.16 25
141.26 38.53 15 0.77 -0.59 -0.19 -0.25 -0.32 0.41 24
139.23 46.99 477 0.58 0.47 -1.05 0.29 -0.86 -0.72 26
141.04 38.98 15 4.26 -0.15 -4.11 2.69 -0.73 -0.16 23
141.40 32.84 59 5.66 -1.56 -4.10 -0.61 2.53 -0.41 23
146.99 43.24 66 3.50 -1.11 -2.39 2.09 0.51 -0.93 23
140.29 35.92 61 3.70 -1.25 -2.45 -0.44 1.56 0.65 23
142.78 41.69 55 1.47 -0.21 -1.26 0.85 1.33 -1.14 24
132.37 43.38 493 0.02 0.60 -0.62 0.15 -1.24 -1.07 25
141.22 31.62 47 2.39 -0.22 -2.17 -2.17 -0.11 0.57 23
148.64 44.14 61 2.76 -0.31 -2.45 0.20 -0.15 -3.43 23
140.28 35.23 63 1.97 1.04 -3.00 -1.62 0.94 -0.95 24
135.13 35.27 376 -1.21 0.84 0.37 0.29 0.58 0.77 24
143.84 42.21 28 0.78 -0.41 -0.37 1.32 2.59 -0.66 28
143.62 41.75 47 0.81 -0.25 -0.56 0.58 0.86 -0.27 27
145.19 42.11 55 5.67 -1.80 -3.87 2.04 3.91 -4.04 24
144.77 41.92 22 0.54 -0.24 -0.29 0.42 0.76 -0.36 25
144.38 42.51 49 0.79 -0.36 -0.43 0.20 0.64 -0.60 24
151.12 44.72 29 1.55 -0.46 -1.09 1.43 1.36 -0.77 24
143.61 42.26 64 4.76 -2.18 -2.59 3.14 3.56 -1.30 23
150.95 44.62 31 0.91 -0.42 -0.49 0.71 0.73 -0.57 24
145.01 42.52 35 1.51 -0.71 -0.80 0.86 1.65 -1.15 24
145.77 41.82 30 0.85 -0.27 -0.58 0.71 0.89 -0.54 24
145.22 42.00 41 3.84 -0.77 -3.07 1.94 1.47 -0.82 23
144.62 42.29 35 2.76 -1.74 -1.02 3.06 3.90 -1.73 25
144.00 42.44 49 -0.87 1.05 -0.18 0.57 0.38 -0.79 24
144.59 42.00 36 0.88 0.01 -0.89 0.84 1.32 -0.47 24
153.16 48.24 126 -0.47 0.05 0.42 -1.23 -0.76 0.35 24
144.04 41.47 23 1.36 -0.11 -1.25 0.76 1.69 -0.74 24
143.96 41.36 23 0.54 0.05 -0.59 0.48 0.26 -0.33 24
144.68 42.08 32 0.57 -0.18 -0.38 0.47 0.99 -0.33 24
144.09 41.24 41 0.57 0.04 -0.62 0.13 0.73 -0.20 24
143.45 41.87 33 1.23 -0.93 -0.31 5.91 1.52 -1.27 23
144.99 42.17 43 1.03 -0.50 -0.53 0.96 1.04 -1.02 24
144.66 42.65 62 3.84 -0.71 -3.13 2.41 2.68 -3.50 23
144.82 42.48 36 0.59 -0.35 -0.24 0.48 0.86 -0.40 26
144.87 42.12 26 2.88 -1.81 -1.07 2.55 5.07 -2.68 24
144.86 42.22 26 1.77 -1.02 -0.74 2.68 4.37 -1.31 24
143.87 41.56 31 1.02 0.23 -1.25 0.80 2.80 -0.78 24
144.49 42.06 24 2.99 1.21 -4.20 2.65 4.12 1.23 24
148.27 43.91 53 1.18 0.28 -1.46 1.06 0.38 -0.52 24
143.90 41.70 29 0.97 -0.20 -0.78 1.49 2.45 -0.65 24
144.68 41.13 15 0.46 -0.26 -0.20 0.27 0.94 -0.37 24
140.17 35.61 70 2.65 -1.18 -1.47 -4.39 1.73 5.89 23
144.37 41.78 40 2.92 -1.12 -1.80 1.53 3.39 -1.83 23
145.46 42.62 86 0.29 -0.90 0.61 4.27 1.35 -1.39 23
147.79 43.77 79 1.66 0.69 -2.35 4.20 2.03 -2.26 24
142.68 37.89 15 1.08 -0.14 -0.95 1.51 3.02 -0.36 26
139.75 38.61 156 -0.67 -0.34 1.01 -0.04 -5.75 -4.93 23
143.59 37.39 15 3.25 -1.58 -1.67 -0.18 -2.08 0.75 23
143.27 37.77 15 2.22 0.13 -2.35 2.58 6.42 -0.50 24
151.01 44.63 42 0.93 -0.30 -0.63 0.58 0.58 -0.58 24
143.00 37.95 15 -0.47 0.19 0.27 0.04 0.88 -0.16 24
150.69 44.58 15 1.00 -0.46 -0.54 0.74 1.29 -0.71 24
142.27 37.75 25 0.36 0.11 -0.47 0.65 1.22 -0.11 24
130.92 29.10 45 2.82 -1.63 -1.19 0.42 -0.24 -1.81 23
143.48 22.39 107 4.26 0.01 -4.27 -4.37 -5.66 -2.94 24
137.09 33.31 382 1.52 1.17 -2.69 1.44 -2.72 -1.06 25
141.77 41.77 97 2.10 -1.64 -0.46 1.19 2.26 -1.84 23
141.13 36.36 36 2.14 0.02 -2.16 0.85 3.09 -0.82 24
140.94 35.50 40 0.52 -0.71 0.19 -0.20 0.39 0.03 24
142.76 42.32 69 -0.46 0.45 0.01 0.27 0.86 -0.51 24
145.19 42.33 29 4.61 -1.70 -2.91 3.52 6.27 -3.32 24
130.12 27.16 15 -0.52 0.11 0.41 0.66 0.33 0.24 24
142.05 40.72 73 4.66 -2.47 -2.20 0.96 2.29 -1.67 23
142.87 42.15 33 3.01 -2.75 -0.26 2.61 5.43 -2.12 23
144.82 42.27 26 2.19 -1.73 -0.45 1.95 1.08 -1.11 24
131.41 29.84 33 6.39 -3.66 -2.73 2.06 4.90 -2.52 23
144.82 42.35 29 0.80 -0.38 -0.43 0.84 1.38 -0.55 25
147.02 42.67 53 0.31 0.79 -1.10 0.85 0.10 -0.56 24
154.50 47.07 15 6.14 -1.62 -4.53 2.52 4.62 -3.24 24
154.00 47.08 15 2.43 -0.58 -1.85 -1.05 1.10 -1.69 23
154.46 46.99 29 4.69 -0.66 -4.03 0.07 1.30 -3.31 23
154.64 47.13 15 1.80 -0.57 -1.23 1.19 0.62 -0.89 24
154.48 47.19 16 2.79 -0.67 -2.13 0.49 1.62 -1.53 23
154.44 47.01 14 6.35 -1.83 -4.52 1.08 3.38 -3.42 23
144.87 42.24 36 3.07 -1.08 -1.99 1.00 1.71 -1.22 23
131.33 30.23 29 2.59 -0.69 -1.89 0.66 1.43 -0.84 23
154.56 47.08 12 0.71 -0.15 -0.56 0.17 0.37 -0.37 24
136.57 34.15 35 0.06 -0.58 0.52 0.22 -0.11 -0.63 24
154.60 46.94 12 2.66 -1.01 -1.65 0.67 1.68 -1.02 23
154.21 47.22 27 2.24 -0.59 -1.65 -0.66 0.62 -1.28 23
143.23 41.96 44 3.17 -2.95 -0.22 0.87 1.38 -1.10 23
146.02 44.18 116 -0.52 2.18 -1.67 -1.07 -3.29 -3.72 23
144.00 41.75 39 2.21 -0.41 -1.80 1.01 0.95 -0.72 23
144.90 42.69 53 1.44 -2.07 0.63 1.44 0.71 -2.63 23
147.24 18.91 15 0.57 0.24 -0.81 0.20 0.97 0.50 24
141.02 37.31 62 0.71 0.01 -0.72 -0.36 -0.58 -0.33 24
140.46 32.75 88 2.28 -0.02 -2.26 -0.05 -4.72 -3.05 23
149.28 44.64 35 5.41 0.45 -5.85 -0.41 3.45 -2.38 23
150.17 44.67 42 0.54 0.12 -0.66 0.46 0.29 -0.37 24
142.57 30.18 12 1.48 -0.16 -1.32 -0.74 1.08 0.37 24
141.95 40.24 63 7.15 -0.47 -6.68 -0.39 -0.82 0.80 23
143.00 21.67 314 3.65 -1.51 -2.15 -0.78 0.64 -2.03 23
143.31 42.08 70 1.94 -0.68 -1.26 -0.06 0.95 -1.43 23
146.12 43.05 45 1.64 -0.79 -0.85 0.42 1.22 -1.34 24
145.85 18.48 195 2.95 -0.00 -2.94 -1.51 0.88 0.90 24
142.28 36.66 35 1.55 -0.43 -1.12 0.40 1.32 -0.74 23
146.38 42.97 21 4.04 1.19 -5.23 -1.73 2.58 -2.84 23
140.97 36.31 33 0.83 -0.01 -0.82 -0.05 0.90 -0.44 24
146.29 43.86 118 -0.14 2.95 -2.80 -0.34 -2.23 2.03 23
144.79 42.27 43 3.51 -1.55 -1.96 3.18 2.31 -1.52 23
143.99 42.19 35 -2.59 2.09 0.50 -0.06 -0.29 -2.16 23
144.68 18.84 12 -1.67 -0.00 1.67 0.09 0.52 -0.37 24
144.72 18.75 12 -3.80 0.09 3.71 0.30 0.76 -0.75 24
144.54 41.74 31 3.03 -1.24 -1.79 2.43 3.77 -2.32 24
144.43 41.74 24 1.58 -0.85 -0.73 1.94 2.68 -1.42 23
144.58 41.73 21 -1.31 1.29 0.02 -0.88 -0.43 0.15 23
142.06 37.20 22 1.69 -1.07 -0.62 0.90 -0.48 0.60 23
141.25 36.39 34 0.55 0.01 -0.56 0.27 0.73 -0.27 25
140.50 34.27 45 3.17 -4.83 1.65 2.42 -0.80 1.08 23
145.13 42.76 45 1.11 -0.57 -0.55 0.46 1.03 -0.75 25
145.18 42.70 63 1.31 -0.24 -1.07 0.22 1.07 -1.88 23
145.64 46.96 408 -0.30 0.26 0.03 -0.89 -0.29 0.16 24
131.95 31.59 34 5.19 -0.14 -5.04 1.67 2.90 -1.87 23
149.33 45.80 160 2.98 -2.35 -0.63 2.58 0.48 -2.81 23
145.21 42.47 39 0.74 -0.40 -0.34 0.40 0.67 -0.63 24
145.10 42.45 32 1.02 -0.55 -0.47 0.88 1.43 -0.85 24
141.59 33.92 29 0.87 0.53 -1.40 0.74 0.82 -0.28 23
141.53 34.16 13 2.61 -0.80 -1.81 1.12 3.02 -1.77 23
136.52 43.14 335 0.90 -0.63 -0.27 -0.36 -1.04 -0.76 24
142.09 37.68 34 3.29 0.05 -3.34 1.61 3.99 -1.44 24
141.87 34.20 12 1.66 0.06 -1.72 0.37 2.65 -0.17 25
142.01 47.34 19 2.76 -0.43 -2.33 0.10 -0.41 0.75 23
147.65 44.31 74 1.68 0.35 -2.04 -1.03 -1.75 -1.22 23
149.71 46.42 178 -2.05 3.25 -1.20 2.93 -4.15 -1.46 23
141.73 34.41 16 4.29 0.68 -4.97 0.17 7.21 0.03 23
144.52 42.63 72 1.55 0.72 -2.28 1.45 1.26 -0.35 23
141.87 34.32 12 3.86 0.23 -4.10 -0.95 1.90 0.76 23
143.41 42.44 52 5.08 -4.53 -0.55 1.08 1.48 -0.68 24
150.85 45.24 30 4.21 -1.36 -2.85 0.40 3.45 -3.16 23
141.84 34.16 13 2.76 0.14 -2.90 -0.05 1.55 0.08 23
143.14 21.65 302 1.05 -0.44 -0.61 -0.20 0.02 -0.45 24
140.85 33.30 59 4.28 1.14 -5.42 -1.77 0.91 -0.75 23
144.55 41.58 35 1.39 -0.92 -0.47 1.13 1.32 -1.67 23
144.25 41.77 30 1.56 -0.73 -0.83 0.88 0.62 -0.65 23
143.23 41.07 29 3.27 0.40 -3.67 1.95 3.57 -0.33 23
142.63 42.10 63 2.82 -0.58 -2.24 0.51 1.19 -1.33 23
145.38 42.38 37 1.95 -1.15 -0.80 1.28 1.30 -1.19 23
153.85 46.47 21 0.99 0.19 -1.17 -0.70 0.48 -0.53 23
151.69 47.12 133 -1.02 -0.78 1.80 -1.48 -2.23 -1.02 25
140.38 34.75 61 0.06 2.25 -2.32 -1.22 0.76 -0.63 24
142.96 42.57 103 -2.40 3.58 -1.18 3.56 1.52 0.27 23
147.16 19.65 14 5.12 -0.35 -4.77 -1.06 5.06 2.75 24
143.37 40.96 22 0.68 0.05 -0.73 0.53 1.03 -0.20 24
143.28 40.98 20 0.47 0.04 -0.51 0.45 0.94 -0.13 24
144.57 21.17 12 -0.60 1.06 -0.46 -0.25 0.47 -0.57 24
142.12 39.75 46 2.31 -0.05 -2.26 0.63 2.37 -0.35 24
143.53 41.57 25 -3.54 0.61 2.93 2.44 0.88 -2.47 23
143.37 41.50 33 -0.87 2.50 -1.63 0.30 0.16 -0.85 23
141.45 37.14 66 -2.29 2.25 0.04 -0.51 0.22 0.73 23
141.62 34.92 38 0.60 0.06 -0.66 0.09 0.53 -0.21 24
141.55 34.97 31 3.77 0.32 -4.09 0.18 3.52 -1.21 23
141.80 36.97 31 2.59 -0.26 -2.32 0.90 3.01 -1.25 24
137.00 32.94 16 0.67 -0.83 0.16 0.20 0.06 0.01 27
137.22 33.13 12 1.11 -1.77 0.66 -0.01 0.11 0.04 27
136.80 33.40 13 -0.12 -2.27 2.39 2.51 -0.57 2.70 24
136.76 32.96 17 1.18 -1.52 0.34 0.21 -0.77 0.73 23
137.28 33.14 12 0.81 -1.12 0.31 -0.12 0.04 -0.08 26
137.17 33.17 14 4.03 -3.77 -0.26 1.18 0.81 -1.45 23
137.13 33.27 21 2.91 -3.28 0.38 0.80 -0.27 -0.47 24
137.23 33.05 12 0.18 -1.58 1.41 0.09 -0.16 0.50 24
137.32 33.14 12 1.26 -2.17 0.90 0.23 -0.25 -0.48 25
136.63 33.03 12 -0.03 -0.90 0.93 0.52 0.35 2.32 24
143.20 42.24 64 3.07 -1.13 -1.94 0.23 1.19 -1.90 23
151.62 44.04 12 -0.61 0.79 -0.18 0.22 -0.06 0.39 25
151.29 43.94 21 -2.51 3.64 -1.13 -0.67 3.88 2.43 23
143.27 40.75 39 1.65 -0.56 -1.10 0.35 0.69 -0.42 23
154.51 48.40 54 -1.56 0.28 1.28 0.62 0.28 0.53 23
141.40 41.60 122 0.21 -1.53 1.32 -0.87 1.80 1.07 23
141.40 32.44 16 0.34 0.06 -0.40 0.66 0.54 -0.27 24
141.50 32.41 19 3.57 0.62 -4.19 4.96 3.16 -2.49 23
141.59 32.32 32 2.03 0.29 -2.31 0.74 0.82 -0.31 23
140.24 35.94 70 3.86 0.43 -4.29 -0.28 2.34 -0.82 24
143.06 42.21 54 5.43 -2.83 -2.60 1.04 2.76 -3.28 23
135.51 31.10 503 0.13 -0.14 0.01 0.30 0.18 1.01 24
141.14 24.98 183 4.07 -2.37 -1.70 -2.30 2.60 -5.29 23
141.59 36.21 31 0.83 -0.05 -0.78 0.37 0.95 -0.45 24
141.61 36.22 32 3.42 -0.30 -3.11 1.46 3.77 -1.85 24
143.24 28.82 18 -2.87 0.51 2.36 0.40 0.17 -0.96 23
138.38 30.70 412 -3.66 2.99 0.67 0.46 -3.78 -0.66 23
138.83 37.31 13 0.78 -0.15 -0.63 -0.22 -0.25 -0.36 26
138.92 37.42 12 1.78 -0.54 -1.23 -0.19 -0.17 -0.89 25
138.74 37.38 17 4.95 -0.89 -4.06 -2.80 -0.47 -2.39 24
138.63 37.33 27 2.80 -0.91 -1.89 -1.07 -1.47 -1.30 25
138.91 37.25 32 2.95 -1.36 -1.59 -0.08 0.51 -0.40 24
138.38 37.33 15 1.34 -0.88 -0.45 3.65 -2.19 0.46 24
138.74 37.25 22 3.89 -0.96 -2.93 0.93 -1.34 -1.39 24
138.90 37.44 19 5.79 -2.33 -3.46 -3.73 -1.16 -2.41 23
138.76 37.42 19 5.27 -1.08 -4.19 -3.07 -2.19 -2.32 23
138.84 37.29 12 1.45 -0.31 -1.14 0.10 0.52 -0.49 23
138.80 37.24 12 5.90 -0.89 -5.01 -0.27 -1.65 -2.31 23
138.89 37.41 12 2.32 -0.72 -1.59 -1.56 -1.90 -1.26 24
138.96 37.37 12 0.60 -0.13 -0.47 -0.38 -0.46 -0.28 25
138.75 37.23 12 1.93 -0.36 -1.57 -0.15 -1.03 -0.62 23
143.38 28.73 12 -2.79 0.37 2.42 -0.47 0.01 -1.53 24
142.83 38.86 12 -0.86 3.47 -2.61 0.06 2.37 -5.82 23
138.79 37.51 18 0.75 -0.06 -0.68 -0.05 -0.44 -0.23 24
146.86 43.58 66 0.86 -1.78 0.92 3.83 3.69 -0.83 24
138.76 37.20 18 3.83 -0.27 -3.56 2.38 -2.45 -0.64 23
144.52 47.93 493 0.67 0.95 -1.62 -0.87 0.39 -0.62 25
139.03 37.45 12 1.96 0.10 -2.06 -0.43 -0.64 -0.91 24
139.08 37.41 13 2.06 -0.81 -1.24 -1.80 -2.38 0.25 23
138.90 37.41 12 1.72 0.08 -1.80 0.46 -0.66 -1.11 23
138.39 33.79 12 2.50 -2.86 0.35 0.42 -0.22 0.15 24
138.63 37.32 27 1.57 0.70 -2.27 0.75 -1.37 -0.79 23
138.95 37.49 12 3.92 -0.27 -3.65 -1.56 -0.27 -1.51 23
144.73 42.06 37 0.90 -0.39 -0.51 0.45 1.17 -0.60 25
144.20 41.76 12 1.40 -0.75 -0.65 2.74 5.03 -1.80 23
144.30 41.60 30 2.75 -1.26 -1.48 1.69 2.04 -1.85 23
144.33 41.61 33 0.97 -0.34 -0.63 0.66 0.97 -0.86 24
149.61 47.26 269 -0.09 0.58 -0.50 -0.15 -0.51 0.48 24
144.24 41.62 30 2.71 -1.28 -1.42 2.49 2.51 -1.74 23
142.60 32.52 19 -2.59 -0.40 2.99 0.94 1.42 -1.26 23
143.04 42.23 54 2.55 -1.07 -1.49 0.58 1.75 -1.58 24
145.36 42.88 47 2.43 -1.20 -1.23 0.89 2.41 -1.52 26
145.45 42.97 54 2.56 -1.33 -1.23 0.39 1.45 -1.44 23
142.19 41.58 59 2.02 -0.20 -1.82 0.58 0.87 -0.34 23
145.41 42.82 36 0.94 -0.49 -0.44 0.49 1.12 -0.64 26
141.59 44.19 12 4.25 -0.02 -4.23 -0.32 -2.29 -0.77 24
141.74 36.29 32 4.32 -0.06 -4.26 1.65 3.87 -1.73 23
145.58 42.88 43 2.37 -1.10 -1.27 0.73 1.82 -1.69 24
138.92 37.44 12 1.73 -0.47 -1.26 -0.74 -0.80 -0.50 23
130.79 28.78 25 2.17 -0.98 -1.19 2.09 1.98 -1.14 24
142.20 38.52 36 2.18 -0.07 -2.11 1.09 2.44 -0.68 24
141.59 39.05 71 -0.35 -0.21 0.56 -1.33 -3.40 -0.83 23
140.97 36.85 76 -0.93 0.10 0.83 1.10 3.92 0.96 23
